ID: 23583
Title: Randgen: Anti join with different scale / precision decimal join key produces wrong result
Description:
## Bug Report

### 1. Minimal reproduce step (Required)

```
CREATE TABLE `B` (
  `col_decimal_35_not_null` decimal(35,0) NOT NULL,
  `col_datetime` datetime DEFAULT NULL
) ENGINE=InnoDB DEFAULT CHARSET=latin1;

INSERT INTO `B` VALUES (14390408184332288000,'2004-11-14 20:21:16');

CREATE TABLE `E` (
  `col_decimal_5_2_key` decimal(5,2) DEFAULT NULL,
  KEY `col_decimal_5_2_key` (`col_decimal_5_2_key`)
) ENGINE=InnoDB DEFAULT CHARSET=latin1;

INSERT INTO `E` VALUES (NULL),(NULL),(NULL),(NULL),(NULL),(NULL),(NULL),(NULL),(NULL),(NULL),(NULL),(NULL),(NULL),(NULL),(NULL),(NULL),(NULL),(NULL),(NULL),(NULL),(NULL),(NULL),(NULL),(NULL),(NULL),(NULL),(NULL),(NULL),(NULL),(NULL),(NULL),(NULL),(NULL),(NULL),(NULL),(NULL),(NULL),(NULL),(NULL),(NULL),(NULL),(NULL),(NULL),(NULL),(NULL),(NULL),(NULL),(NULL),(NULL),(NULL),(NULL),(NULL),(NULL),(NULL),(NULL),(NULL),(NULL),(NULL),(NULL),(NULL),(NULL),(NULL),(NULL),(NULL),(NULL),(NULL),(NULL),(NULL),(NULL),(NULL),(NULL),(NULL),(NULL),(NULL),(NULL),(NULL),(NULL),(NULL),(NULL),(NULL),(NULL),(NULL),(NULL),(NULL),(NULL),(NULL),(NULL),(NULL),(NULL),(NULL),(NULL),(NULL),(NULL),(NULL),(NULL),(NULL),(NULL),(NULL),(NULL),(NULL),(NULL),(NULL),(NULL),(NULL),(NULL),(NULL),(NULL),(NULL),(NULL),(NULL),(NULL),(NULL),(NULL),(NULL),(NULL),(NULL),(NULL),(NULL),(NULL),(NULL),(NULL),(NULL),(NULL),(NULL),(NULL),(NULL),(NULL),(NULL),(NULL),(NULL),(NULL),(NULL),(NULL),(NULL),(NULL),(NULL),(NULL),(-999.99),(-999.99),(-999.99),(-999.99),(-999.99),(-999.99),(-999.99),(-999.99),(-999.99),(-999.99),(-999.99),(-999.99),(-999.99),(-999.99),(-999.99),(-999.99),(-999.99),(-999.99),(-999.99),(-999.99),(-999.99),(-999.99),(-999.99),(-999.99),(-999.99),(-999.99),(-999.99),(-999.99),(-999.99),(-999.99),(-999.99),(-999.99),(-999.99),(-999.99),(-999.99),(-999.99),(-999.99),(-999.99),(-999.99),(-999.99),(-999.99),(-999.99),(-999.99),(-999.99),(-999.99),(-999.99),(-999.99),(-999.99),(-999.99),(-999.99),(-999.99),(-999.99),(-999.99),(-999.99),(-999.99),(-999.99),(-999.99),(-999.99),(-999.99),(-999.99),(-999.99),(-999.99),(-999.99),(-999.99),(-999.99),(-999.99),(-999.99),(-999.99),(-999.99),(-999.99),(-999.99),(-999.99),(-999.99),(-999.99),(-999.99),(-999.99),(-999.99),(-999.99),(-999.99),(-999.99),(-999.99),(-999.99),(-999.99),(-999.99),(-999.99),(-999.99),(-999.99),(-999.99),(-999.99),(-999.99),(-999.99),(-999.99),(-999.99),(-999.99),(-999.99),(-999.99),(-999.99),(-999.99),(-999.99),(-999.99),(-999.99),(-999.99),(-999.99),(-999.99),(-999.99),(-999.99),(-999.99),(-999.99),(-999.99),(-999.99),(-999.99),(-999.99),(-999.99),(-999.99),(-999.99),(-999.99),(-999.99),(-999.99),(-999.99),(-999.99),(-999.99),(-999.99),(-999.99),(-999.99),(-999.99),(-999.99),(-999.99),(-999.99),(-999.99),(-999.99),(-999.99),(-999.99),(-999.99),(-999.99),(-999.99),(-999.99),(-999.99),(-999.99),(-999.99),(-999.99),(-999.99),(-999.99),(-999.99),(-999.99),(-999.99),(-999.99),(-999.99),(-999.99),(-999.99),(-999.99),(-126.00),(-125.00),(-121.00),(-120.00),(-117.00),(-115.00),(-114.00),(-111.00),(-109.00),(-104.00),(-103.00),(-103.00),(-101.00),(-98.00),(-96.00),(-93.00),(-91.00),(-89.00),(-89.00),(-86.00),(-86.00),(-84.00),(-83.00),(-79.00),(-74.00),(-74.00),(-73.00),(-72.00),(-70.00),(-69.00),(-68.00),(-67.00),(-65.00),(-65.00),(-64.00),(-63.00),(-62.00),(-60.00),(-60.00),(-59.00),(-54.00),(-53.00),(-51.00),(-47.00),(-46.00),(-45.00),(-43.00),(-41.00),(-40.00),(-35.00),(-33.00),(-33.00),(-33.00),(-28.00),(-25.00),(-21.00),(-20.00),(-17.00),(-16.00),(-15.00),(-15.00),(-14.00),(-12.00),(-12.00),(-12.00),(-11.00),(-10.00),(-10.00),(0.00),(0.00),(0.00),(0.00),(0.00),(0.00),(0.00),(0.00),(0.00),(0.00),(0.00),(0.00),(0.00),(0.00),(0.00),(0.00),(0.00),(0.00),(0.00),(0.00),(0.00),(0.00),(0.00),(0.00),(0.00),(0.00),(0.00),(0.00),(0.00),(0.00),(0.00),(0.00),(0.00),(0.00),(0.00),(0.00),(0.00),(0.00),(0.00),(0.00),(0.00),(0.00),(0.00),(0.00),(0.00),(0.00),(0.00),(0.00),(0.00),(0.00),(0.00),(0.00),(0.00),(0.00),(0.00),(0.00),(0.00),(0.00),(0.00),(0.00),(0.00),(0.00),(0.00),(0.00),(0.00),(0.00),(0.00),(0.00),(0.00),(0.00),(0.00),(0.00),(0.00),(0.00),(0.00),(0.00),(0.00),(0.00),(0.00),(0.00),(0.00),(0.00),(0.00),(0.00),(0.00),(0.00),(0.00),(0.00),(0.00),(0.00),(0.00),(0.00),(0.00),(0.00),(0.00),(0.00),(0.00),(0.00),(0.00),(0.00),(0.00),(0.00),(0.00),(0.00),(0.00),(0.00),(0.00),(0.00),(0.00),(0.00),(0.00),(0.00),(0.00),(0.00),(0.00),(0.00),(0.00),(0.00),(0.00),(0.00),(0.00),(0.00),(0.00),(0.00),(0.00),(0.00),(0.00),(0.00),(0.00),(0.00),(0.00),(0.00),(0.00),(0.00),(0.00),(0.00),(0.00),(0.00),(0.00),(0.00),(0.00),(0.00),(0.00),(0.00),(0.00),(0.00),(0.00),(0.00),(0.00),(0.00),(0.00),(1.00),(1.00),(1.00),(1.00),(1.00),(2.00),(2.00),(2.00),(2.00),(2.00),(2.00),(2.00),(2.00),(2.00),(2.00),(2.00),(2.00),(2.00),(2.00),(2.00),(3.00),(3.00),(3.00),(3.00),(3.00),(3.00),(3.00),(3.00),(3.00),(3.00),(4.00),(4.00),(4.00),(4.00),(4.00),(4.00),(4.00),(4.00),(4.00),(4.00),(4.00),(5.00),(5.00),(5.00),(5.00),(5.00),(5.00),(5.00),(5.00),(5.00),(5.00),(5.00),(6.00),(6.00),(6.00),(6.00),(6.00),(6.00),(6.00),(6.00),(6.00),(6.00),(7.00),(7.00),(7.00),(7.00),(7.00),(7.00),(7.00),(7.00),(7.00),(7.00),(7.00),(7.00),(7.00),(7.00),(7.00),(8.00),(8.00),(8.00),(8.00),(8.00),(8.00),(8.00),(8.00),(8.00),(8.00),(8.00),(8.00),(8.00),(8.00),(8.00),(8.00),(8.00),(9.00),(9.00),(9.00),(9.00),(9.00),(9.00),(9.00),(9.00),(9.00),(9.00),(10.00),(11.00),(13.00),(17.00),(20.00),(24.00),(24.00),(25.00),(28.00),(30.00),(33.00),(33.00),(34.00),(34.00),(35.00),(37.00),(38.00),(40.00),(40.00),(41.00),(42.00),(44.00),(46.00),(46.00),(47.00),(48.00),(49.00),(51.00),(57.00),(57.00),(57.00),(59.00),(59.00),(61.00),(61.00),(62.00),(63.00),(63.00),(64.00),(64.00),(65.00),(65.00),(65.00),(67.00),(70.00),(70.00),(70.00),(71.00),(76.00),(84.00),(85.00),(86.00),(87.00),(88.00),(89.00),(90.00),(90.00),(91.00),(96.00),(96.00),(96.00),(99.00),(101.00),(101.00),(102.00),(102.00),(104.00),(107.00),(108.00),(108.00),(109.00),(110.00),(112.00),(113.00),(114.00),(114.00),(114.00),(115.00),(116.00),(118.00),(121.00),(121.00),(121.00),(125.00),(999.99),(999.99),(999.99),(999.99),(999.99),(999.99),(999.99),(999.99),(999.99),(999.99),(999.99),(999.99),(999.99),(999.99),(999.99),(999.99),(999.99),(999.99),(999.99),(999.99),(999.99),(999.99),(999.99),(999.99),(999.99),(999.99),(999.99),(999.99),(999.99),(999.99),(999.99),(999.99),(999.99),(999.99),(999.99),(999.99),(999.99),(999.99),(999.99),(999.99),(999.99),(999.99),(999.99),(999.99),(999.99),(999.99),(999.99),(999.99),(999.99),(999.99),(999.99),(999.99),(999.99),(999.99),(999.99),(999.99),(999.99),(999.99),(999.99),(999.99),(999.99),(999.99),(999.99),(999.99),(999.99),(999.99),(999.99),(999.99),(999.99),(999.99),(999.99),(999.99),(999.99),(999.99),(999.99),(999.99),(999.99),(999.99),(999.99),(999.99),(999.99),(999.99),(999.99),(999.99),(999.99),(999.99),(999.99),(999.99),(999.99),(999.99),(999.99),(999.99),(999.99),(999.99),(999.99),(999.99),(999.99),(999.99),(999.99),(999.99),(999.99),(999.99),(999.99),(999.99),(999.99),(999.99),(999.99),(999.99),(999.99),(999.99),(999.99),(999.99),(999.99),(999.99),(999.99),(999.99),(999.99),(999.99),(999.99),(999.99),(999.99),(999.99),(999.99),(999.99),(999.99),(999.99),(999.99),(999.99),(999.99),(999.99),(999.99),(999.99),(999.99),(999.99),(999.99),(999.99),(999.99),(999.99),(999.99),(999.99),(999.99),(999.99),(999.99),(999.99),(999.99),(999.99),(999.99),(999.99),(999.99),(999.99),(999.99),(999.99),(999.99),(999.99),(999.99),(999.99),(999.99),(999.99),(999.99),(999.99),(999.99),(999.99),(999.99),(999.99),(999.99),(999.99),(999.99),(999.99),(999.99),(999.99),(999.99),(999.99),(999.99),(999.99),(999.99),(999.99),(999.99),(999.99),(999.99),(999.99),(999.99),(999.99),(999.99),(999.99),(999.99),(999.99),(999.99),(999.99),(999.99),(999.99),(999.99),(999.99),(999.99),(999.99),(999.99),(999.99),(999.99),(999.99),(999.99),(999.99),(999.99),(999.99),(999.99),(999.99),(999.99),(999.99),(999.99),(999.99),(999.99),(999.99),(999.99),(999.99),(999.99),(999.99),(999.99),(999.99),(999.99),(999.99),(999.99),(999.99),(999.99),(999.99),(999.99),(999.99),(999.99),(999.99),(999.99),(999.99),(999.99),(999.99),(999.99),(999.99),(999.99),(999.99),(999.99),(999.99),(999.99),(999.99),(999.99),(999.99),(999.99),(999.99),(999.99),(999.99),(999.99),(999.99),(999.99),(999.99),(999.99),(999.99),(999.99),(999.99),(999.99),(999.99),(999.99),(999.99),(999.99),(999.99),(999.99),(999.99),(999.99),(999.99),(999.99),(999.99),(999.99),(999.99),(999.99),(999.99),(999.99),(999.99),(999.99),(999.99),(999.99),(999.99),(999.99),(999.99),(999.99),(999.99),(999.99),(999.99),(999.99),(999.99),(999.99),(999.99),(999.99),(999.99),(999.99),(999.99),(999.99),(999.99),(999.99),(999.99),(999.99),(999.99),(999.99),(999.99),(999.99),(999.99),(999.99),(999.99),(999.99),(999.99),(999.99),(999.99),(999.99),(999.99);

SELECT L.`col_datetime` FROM `B` AS L WHERE L . `col_decimal_35_not_null` NOT IN ( SELECT R . `col_decimal_5_2_key` FROM `E` AS R );
```

### 2. What did you expect to see? (Required)

```
+---------------------+
| col_datetime        |
+---------------------+
| 2004-11-14 20:21:16 |
+---------------------+
```

### 3. What did you see instead (Required)

```
Empty set (0.05 sec)
```

### 4. What is your TiDB version? (Required)

```
Release Version: v4.0.0-beta.2-2463-g82bfdcab3
Edition: Community
Git Commit Hash: 82bfdcab376e5c974700f0b6cae4f835c57a193a
Git Branch: master
UTC Build Time: 2021-03-26 06:03:17
GoVersion: go1.13.1
Race Enabled: false
TiKV Min Version: v3.0.0-60965b006877ca7234adaced7890d7b029ed1306
Check Table Before Drop: false
```

